C:\Users\xayit\MuTAP\HumanEval\Testing_HumanEval\49\Gemini\test_oracle_NDS_49.py,1,1
